e : 477141 : 10.863359064524538
i : 375395 : 8.546846060236259
a : 367425 : 8.365388227553131
n : 310546 : 7.070389474079647
o : 307800 : 7.007869623571759
s : 306059 : 6.968231218715884
r : 305957 : 6.965908922739262
t : 281227 : 6.402865986446443
l : 249256 : 5.67496280342106
c : 182326 : 4.151126825819833
u : 157477 : 3.585374544220955
d : 153205 : 3.488111324494189
p : 134734 : 3.0675708442570415
m : 126769 : 2.8862268496119827
h : 119027 : 2.7099600314648336
g : 105640 : 2.405170068336974
y : 83263 : 1.895699312759764
b : 81974 : 1.866351866545391
f : 54387 : 1.2382618752995362
v : 42894 : 0.9765937609924855
k : 38866 : 0.8848858375235217
w : 36767 : 0.8370966291418547
z : 17676 : 0.40244023218406244
x : 12373 : 0.2817036090073209
q : 8096 : 0.18432655124248526
j : 7801 : 0.17761010699637197
