e : 64242 : 9.651351282324784
a : 53801 : 8.082755056510628
i : 51656 : 7.760502503654449
n : 41440 : 6.225708993174856
r : 41418 : 6.222403838786588
o : 40683 : 6.111981635360344
t : 40144 : 6.031005352847766
s : 37603 : 5.649260021002753
l : 33167 : 4.982820708895522
c : 27046 : 4.063236617504999
u : 22820 : 3.4283465063766942
d : 20945 : 3.146657211921992
p : 18397 : 2.763860240044349
m : 18192 : 2.7330622105173017
h : 15246 : 2.2904719910700737
g : 13924 : 2.0918622591932117
y : 11822 : 1.7760697808231936
b : 11503 : 1.7281450421933002
f : 7775 : 1.1680716076721647
v : 5969 : 0.8967484792533956
k : 4577 : 0.6876223470502247
w : 4381 : 0.6581764261365599
x : 1828 : 0.27462828280703755
z : 1663 : 0.24983962489502376
q : 1167 : 0.17532341686860659
j : 1075 : 0.1615018621540292
