e : 376454 : 9.74058418044509
i : 313008 : 8.098946413513355
a : 295792 : 7.653489871012697
o : 251596 : 6.509937515508569
n : 251435 : 6.505771710249356
s : 250282 : 6.4759383346973545
r : 246142 : 6.368817628031885
t : 230895 : 5.974308107614394
l : 194915 : 5.04334119316425
c : 152979 : 3.9582653586900642
u : 131495 : 3.4023761649700286
p : 113663 : 2.9409808893036873
d : 113192 : 2.928793968327978
m : 105208 : 2.722211426777952
h : 92368 : 2.3899819887140317
g : 82627 : 2.137937833248249
y : 70580 : 1.8262269266784639
b : 63941 : 1.6544456775113014
f : 39238 : 1.015266253173839
v : 33075 : 0.8558012978165229
k : 26814 : 0.6938006349101209
w : 22407 : 0.5797714189017333
z : 14757 : 0.38183098267206134
x : 10493 : 0.2715018297199932
q : 5883 : 0.15222007664564186
j : 5456 : 0.1411716366103386
