a : 91063 : 6.820432161180392
e : 71067 : 5.322772722166048
l : 60772 : 4.551698311051193
i : 58076 : 4.349773433696589
k : 50717 : 3.798599408306183
r : 42808 : 3.2062315095682132
m : 42732 : 3.2005392652510953
t : 40305 : 3.018761936861027
ı : 34451 : 2.5803093285398644
n : 34403 : 2.5767142268658954
s : 30471 : 2.2822154814065834
u : 22986 : 1.7216043141220088
o : 21731 : 1.627607384938022
d : 19378 : 1.4513725049619892
b : 18499 : 1.385537205557428
y : 16946 : 1.2692206868142157
ş : 15359 : 1.1503576377186084
c : 13609 : 1.019286222521814
z : 13498 : 1.0109725499007602
ü : 13008 : 0.9742725536456578
p : 11029 : 0.8260495075459686
h : 9905 : 0.7418642100138562
g : 9627 : 0.721042579485451
v : 9256 : 0.6932554394637307
ç : 9027 : 0.6761038085608359
f : 6953 : 0.5207654570647493
ğ : 5241 : 0.39254016402651387
ö : 4982 : 0.3731415945773883
q : 1404 : 0.1051567239635996
j : 1287 : 0.09639366363329963
w : 748 : 0.05602366775268696
x : 614 : 0.04598734224618957
